name: learning_ai
channels:
  - defaults
dependencies:
  - _openmp_mutex=2.0=52_msvc
  - blas=1.0=mkl
  - bzip2=1.0.8=h2bbff1b_6
  - ca-certificates=2026.5.14=haa95532_0
  - intel-openmp=2025.0.0=haa95532_1165
  - joblib=1.5.3=py311haa95532_0
  - libexpat=2.8.1=hd7fb8db_1
  - libffi=3.4.8=h42d73b9_3
  - libhwloc=2.12.1=default_hfa10c62_1000
  - libiconv=1.18=hc89ec93_0
  - libxml2=2.13.9=h6201b9f_0
  - libzlib=1.3.2=h1c6eee0_0
  - mkl=2025.0.0=h585ebfc_931
  - mkl-service=2.5.2=py311h0b37514_0
  - mkl_fft=2.2.0=py311h18b77b3_0
  - mkl_random=1.3.0=py311ha5e6156_0
  - narwhals=2.7.0=py311haa95532_0
  - numpy=2.4.6=py311h9606935_0
  - numpy-base=2.4.6=py311h89dd80d_0
  - openssl=3.5.7=hbb43b14_0
  - packaging=26.0=py311haa95532_0
  - pandas=3.0.3=py311hf6ff4c0_0
  - pip=26.1.2=pyhc872135_0
  - python=3.11.15=hb00fc5c_1
  - python-dateutil=2.9.0post0=py311haa95532_2
  - python-tzdata=2026.2=pyhd3eb1b0_0
  - scikit-learn=1.9.0=py311h6c0dd63_0
  - scipy=1.17.1=py311h97a0a95_1
  - setuptools=82.0.1=py311haa95532_0
  - six=1.17.0=py311haa95532_0
  - sqlite=3.53.2=hee5a0db_0
  - tbb=2022.3.0=h90c84d6_0
  - tbb-devel=2022.3.0=h90c84d6_0
  - threadpoolctl=3.5.0=py311h4442805_1
  - tk=8.6.15=hf199647_0
  - tzdata=2026b=he532380_0
  - ucrt=10.0.22621.0=haa95532_0
  - vc=14.3=h2df5915_12
  - vc14_runtime=14.44.35208=h4927774_12
  - vcomp14=14.44.35208=h4927774_12
  - vs2015_runtime=14.44.35208=ha6b5a95_12
  - wheel=0.47.0=py311haa95532_0
  - xz=5.8.2=h53af0af_0
  - zlib=1.3.2=h1c6eee0_0
prefix: C:\Users\lokes\miniconda3\envs\learning_ai
